Automatically generated mesh
       8
Reciprocal lattice
    0.00000000000000    0.00000000000000    0.00000000000000             1
    0.25000000000000    0.00000000000000    0.00000000000000             6
    0.50000000000000    0.00000000000000    0.00000000000000             3
    0.25000000000000    0.25000000000000    0.00000000000000             6
    0.00000000000000    0.00000000000000    0.33333333333333             2
    0.25000000000000    0.00000000000000    0.33333333333333            12
    0.50000000000000    0.00000000000000    0.33333333333333             6
    0.25000000000000    0.25000000000000    0.33333333333333            12
